java_private,native_private,stack,graphics,code,other_private,sum
74224,55960,112,9920,64052,1416,205684
38528,443240,112,61344,92580,2612,638416
35876,266348,112,102620,93704,2624,501284
32392,264240,120,92456,94168,2592,485968
33376,268604,120,94784,93480,2604,492968
60668,272760,120,96164,92460,2616,524788
61936,276244,120,100304,92372,2620,533596
52424,277400,120,92692,92668,2616,517920
37088,279132,120,94032,92456,2624,505452
37040,281252,120,95376,92864,2620,509272
42480,278012,120,97124,92952,2620,513308

java_private,native_private,stack,graphics,code,other_private,sum
55044,58628,112,9996,63684,1400,188864
33536,445772,112,66912,92992,2612,641936
38160,268444,120,106796,94200,2632,510352
32504,272412,120,109128,94416,2588,511168
32908,272400,120,91612,94600,2592,494232
34376,276468,120,92632,92732,2608,498936
33916,277976,120,92764,92688,2612,500076
34032,279900,120,93300,92908,2612,502872
36488,283772,120,93976,92728,2612,509696
36384,285080,120,95096,93132,2608,512420
43812,281248,120,95772,93252,2612,516816

java_private,native_private,stack,graphics,code,other_private,sum
51036,64736,112,33464,63380,1384,214112
34076,449092,112,83836,92808,2624,662548
37028,268080,112,108916,94048,2672,510856
33480,265276,120,98624,94540,2648,494688
41472,266708,120,91456,94688,2620,497064
34084,268664,120,91944,91728,2616,489156
40988,274024,120,94600,92696,2632,505060
44020,279024,120,96764,92852,2632,515412
38176,278476,120,97668,92888,2640,509968
38096,278148,120,96532,92964,2636,508496
41968,271160,120,94320,93420,2636,503624
